 3 5 4 2 1 4 5 3
 6 6 6 6 6 6 6 6
                
                
         6      
                
 6 6 6 6   6 6 6
 3 5 4 2 1 4 5 3
 3 5 4 2 1 4 5 3
 6 6 6 6 6 6 6 6
                
                
         6      
                
 6 6 6 6   6 6 6
 3 5 4 2 1 4 5 3
 3 5 4 2 1 4 5 3
 6 6 6 6   6 6 6
                
         6      
         6      
                
 6 6 6 6   6 6 6
 3 5 4 2 1 4 5 3
 3 5 4 2 1 4 5 3
 6 6 6 6   6 6 6
                
         6      
         6      
                
 6 6 6 6   6 6 6
 3 5 4 2 1 4 5 3
 3 5 4 2 1 4 5 3
 6 6 6 6   6 6 6
                
         6      
         6 6    
                
 6 6 6 6     6 6
 3 5 4 2 1 4 5 3
 3 5 4 2 1 4 5 3
 6 6 6 6     6 6
                
         6 6    
         6 6    
                
 6 6 6 6     6 6
 3 5 4 2 1 4 5 3
 3 5 4 2 1 4 5 3
 6 6 6 6     6 6
                
         6 6    
         6 6    
                
 6 6 6 6     6 6
 3 5 4 2 1 4 5 3
 3 5 4 2 1 4 5 3
 6 6 6 6     6 6
                
         6 6    
       6 6 6    
                
 6 6 6       6 6
 3 5 4 2 1 4 5 3
 3 5 4 2 1 4 5 3
 6 6 6       6 6
                
       6 6 6    
       6 6 6    
                
 6 6 6       6 6
 3 5 4 2 1 4 5 3
 3 5 4 2 1 4 5 3
 6 6 6       6 6
                
       6 6 6    
       6 6 6    
                
 6 6 6       6 6
 3 5 4 2 1 4 5 3
 3 5 4 2 1 4 5 3
 6 6 6       6 6
                
       6 6 6    
         6 6    
                
 6 6 6       6 6
 3 5 4 2 1 4 5 3
 3 5 4 2 1 4 5 3
 6 6 6       6 6
                
       6 6 6    
         6 6    
                
 6 6 6       6 6
 3 5 4 2 1 4 5 3
 3 5 4 2 1 4 5 3
 6 6 6       6 6
                
       6 6 6    
         6 6    
                
 6 6 6       6 6
 3 5 4 2 1 4 5 3
 3 5 4 2 1 4 5 3
 6 6 6       6 6
                
         6 6    
         6 6    
       6        
 6 6 6       6 6
 3 5 4 2 1 4 5 3
